44 Tabula fastorum Iulianorum.
1 :1⁰ 11. 3333. 313 11. 333. 11 1 31311. 31113. 311333]
3ῖ3 41133 3 33 4 1111143]
1131131113331311131]
4³3 33. 33 4 33 33311333. 3]
5 333. 33 3 33 33333113 3313. 3]
6 313 33. 33 3 3113 3 F]
1 133331133131333
33311333331333
93313131331333
13431333343313
11 3 311113313311313 3 3111331113
12 3 33. 3131333331133 33. 313 313311
13 3 311). 133 3333133 3111. 133 3111. 13
14113 3333313313 31313 3
15 3 17 1333111133 11 33333313
16 13 311 17 33 13 33 17 3
17 13 313 13 31 13 33313113)
18 14 313 13 313 14 313 13 3
1913 13 3ἶ11311.1313 13 3113311113
231313 3313 33 13 31313 3
21 111 11 313 13 33 11 313 311. 13
3311 13 3313 3111 3
2313 Ι 3,3 3 313 31313
24 13 ⁴ 33 3 33 3 3
35ἔ3 , 31 7 313 3 3
33ἰ3 ¹ 33 3 3111 1
3113 1 33 3 31 3
283 31) 4 ΟΒ 5
29 *11 '¹ 0*ss 3 3343 4
30 33 33. 331) 3
31 PR.

C
G
0
F
3
G

 

